2824
760
256
1212
4239
560
4242
4880
874
203
969
1550
3136
2380
4460
1430
4641
3498
44
1505
2727
3158
1894
1910
4806
3713
3083
3500
1003
3422
2889
3368
2941
2092
1770
3468
4383
697
4351
3196
2304
1475
1316
348
331
1603
4399
2571
3805
756
2426
1163
1781
2018
5000
2596
2679
2639
1199
860
3356
4615
4586
2706
1583
3103
3297
2165
2513
4586
1414
301
2566
2347
104
3779
2551
384
3341
4038
4071
3808
4896
2267
851
1056
2895
214
2765
4883
3587
2770
374
3596
3727
2249
3212
2344
276
3797
2206
3466
910
390
117
851
3678
4234
2723
2662
2610
1054
4054
1605
4387
1606
4120
2639
4710
702
1421
3958
597
325
1115
98
2873
2787
4051
2821
3869
3657
4885
3338
4385
2169
3987
2549
494
3234
240
2335
2159
2494
1897
689
1596
3677
4530
3505
154
4432
2562
1317
878
1685
944
2305
1467
1825
1821
526
3971
2104
1754
1139
3508
2706
3821
2275
571
3765
2347
2790
2067
4635
4549
4877
2690
3944
1170
863
3912
4641
1803
4086
1630
3445
561
3644
2093
3701
2774
4131
1963
808
3209
3926
3127
2195
2452
1935
3399
3042
3651
1982
986
3591
2160
2608
258
2289
4424
1785
1289
2751
3275
1526
4060
1033
4971
1119
4362
2663
3857
3167
4251
4824
3953
3496
177
340
1999
1304
2654
4284
4580
489
2980
4093
1435
3488
4361
1223
582
3999
114
4735
1222
3717
158
4841
2679
3422
1000
3926
2125
1195
3032
4992
3873
713
560
4930
383
4474
3810
3535
1623
2415
1428
3622
2669
2775
1373
2156
562
450
1061
3046
205
1609
1573
3538
87
2029
1872
294
3098
4226
4685
1433
3021
1319
2381
1092
165
4889
778
3087
2588
4789
2602
2426
2053
1018
3157
2857
2591
4601
2481
4123
2688
633
3365
907
258
1004
1282
1440
3106
1435
4824
4201
4166
1757
4483
3302
852
2730
1888
1171
2415
4372
4054
3576
2657
1898
1264
916
717
3828
3144
2086
1791
2590
1117
852
2610
3284
3249
2418
3831
4476
3522
519
798
2943
4789
2321
4857
771
52
1530
2224
2222
1068
3092
1754
1308
548
1130
3440
818
3135
23
3734
817
38
2293
1850
4164
2283
1155
935
1545
4031
365
1228
254
4258
1889
1959
3085
759
632
2241
1460
4360
1779
2502
3224
3455
3043
546
1726
1790
4475
4100
142
1493
2018
2231
4462
3334
2612
4402
646
3933
2860
1762
2395
1724
3016
933
3776
2425
1895
586
3257
534
4446
3113
3448
4019
144
3366
3961
176
4202
3495
3370
2571
785
1996
3205
3376
353
2800
2688
929
3773
3958
4096
3854
3370
1103
1331
2770
3845
1449
3189
4739
1607
3151
4404
321
1822
1143
889
1534
1318
244
4587
2259
3643
1863
1346
1094
2043
3947
4880
4462
1206
1025
952
4241
436
1264
475
325
1175
3232
335
2494
226
1764
515
1220
1475
528
924
4652
4184
2297
3314
3000
4550
4385
148
1934
4894
1595
1418
3429
1658
733
2917
679
2276
4420
4860
2807
517
1062
4907
1288
4243
2901
478
4646
2897
4049
285
4427
275
1664
1179
4445
1476
2210
3139
1240
4456
3630
1696
3821
1626
1721
520
612
4954
625
1414
4714
2271
1641
4760
1249
562
2074
1906
409
3059
1364
909
177
3836
2011
2036
3372
3214
1322
2675
4435
3900
4582
4526
1383
2753
2580
3958
1089
2527
2859
3175
2238
223
694
4719
4845
2405
3444
2536
137
2814
2230
442
4923
3142
3651
4748
916
1231
2889
2079
124
850
1217
3602
2425
950
4348
2354
1495
1880
1228
2687
2794
4554
3521
2338
748
4221
3343
4967
1776
3432
1148
4512
3767
4365
243
4430
697
1961
4188
4058
820
4818
3071
3218
698
4934
1658
1228
2462
3361
4964
4457
4725
4904
2070
1897
4014
1841
2465
1810
4771
2377
3180
2293
3345
475
3080
403
3582
3451
3609
4501
4916
3995
3087
4000
2506
2219
427
4420
3309
3981
3619
1216
2648
1363
2095
1521
4488
3365
4285
629
1437
197
3624
1472
4193
2900
1952
1742
2277
2666
1033
428
605
1240
3700
4802
3813
3733
3118
1911
919
1088
2308
1246
4227
702
2116
416
2981
2297
2772
1433
2866
3108
4825
1090
3124
2899
3857
3643
979
4265
3043
4178
3658
1571
2796
2088
3874
3249
3156
4625
431
4515
798
1992
705
4813
4689
4702
4844
4006
2931
2228
3549
1538
154
258
1928
2939
3733
3934
3894
925
1922
4917
2321
3409
2939
3580
3422
973
2067
4714
1035
2764
3028
911
578
4260
1075
4944
2656
3783
1079
2728
462
4178
457
280
1740
1105
2531
4266
1984
2760
2456
4734
962
4579
1743
3130
3008
3046
2245
3962
4910
3615
2434
1424
3990
587
4046
2734
2795
1532
3942
4432
2057
1932
1373
4526
523
1656
2117
4085
3412
4386
3047
3293
1503
1327
3042
764
4014
2774
3827
4638
1089
1628
3449
2428
2995
104
4435
3758
4672
4984
3614
3973
3428
1523
4497
3778
3756
1496
4840
627
1226
4450
3766
4047
2665
4791
126
2716
3128
222
2144
1812
4688
963
585
601
310
3955
1193
1751
2230
3628
4527
1396
2957
3292
3387
1777
4983
2215
1080
4577
382
2064
2667
1433
1795
2863
2154
1431
4631
4465
1934
2211
3567
844
4376
3812
4234
4094
4830
1683
3797
4685
300
677
1866
4701
210
3719
1299
4214
877
402
1773
3197
1
4857
2747
4332
4416
1580
2698
976
1144
2461
2498
4012
3267
3497
1056
4458
2840
970
1504
1865
2068
2090
3126
718
2901
446
302
4397
4715
7
4623
4916
2589
3572
1852
319
4157
767
2167
2320
4717
4329
1745
381
1626
29
266
3648
1439
1524
4794
1893
272
427
3907
1284
3079
3255
4734
4697
3258
4096
1699
4921
3106
2561
3057
1719
3006
2040
4120
1120
4569
131
1857
1799
